10000000 0.01307531380753138 0.010460251046025104 0.895397489539749
234 2478687 10000000 6.784487140976125E-06 4.100799560546875E-05
10000000 0.011884550084889643 0.010752688172043012 1
354 2457563 10000000 6.137485343060689E-06 4.100799560546875E-05
10000000 0.010804970286331712 0.010804970286331712 0.9924365207995678
1247 10000000 10000000 5.54797315999167E-06 4.100799560546875E-05
10000000 0.011408512505484861 0.01228609039052216 0.7836770513383062
234 2478687 10000000 6.784487140976125E-06 4.100799560546875E-05
10000000 0.011326860841423949 0.010248112189859764 1.1434735706580368
354 2457563 10000000 6.137485343060689E-06 4.100799560546875E-05
10000000 0.013455328310010764 0.012378902045209902 1.1302475780409043
1247 10000000 10000000 5.54797315999167E-06 4.100799560546875E-05
